137.845679 255.040479 299792458.000000 299792458.000000 -11495289832230914.000000 9607627507188660.000000
137.875601 255.070507 298642929.016777 300753220.750719 -11483847975507372.000000 9607756073044134.000000
137.905408 255.100630 297494544.219226 301713996.358023 -11472429937614598.000000 9607859276420026.000000
137.935100 255.130849 296347301.225465 302674782.285665 -11461038747643774.000000 9607918680731066.000000
137.964677 255.161165 295201197.350700 303635574.153738 -11449674305633088.000000 9607934485659828.000000
137.994140 255.191576 294056229.920137 304596367.602304 -11438336511942306.000000 9607906889803756.000000
138.023489 255.222084 292912396.268943 305557158.291285 -11427025267271894.000000 9607836090698068.000000
138.052723 255.252688 291769693.742216 306517941.900355 -11415740472662420.000000 9607722284825232.000000
138.081843 255.283388 290628119.694949 307478714.128837 -11404482029493842.000000 9607565667624292.000000
138.110848 255.314184 289487671.492000 308439470.695600 -11393249839484900.000000 9607366433500128.000000
138.139740 255.345076 288348346.508051 309400207.338950 -11382043804692396.000000 9607124775832582.000000
138.168518 255.376064 287210142.127582 310360919.816533 -11370863827510502.000000 9606840886985492.000000
138.197182 255.407148 286073055.744831 311321603.905231 -11359709810670094.000000 9606514958315720.000000
138.225733 255.438328 284937084.763764 312282255.401063 -11348581657238014.000000 9606147180181928.000000
138.254170 255.469604 283802226.598040 313242870.119081 -11337479270616354.000000 9605737741953394.000000
138.282493 255.500977 282668478.670979 314203443.893276 -11326402554541726.000000 9605286832018636.000000
138.310704 255.532445 281535838.415525 315163972.576478 -11315351413084524.000000 9604794637794072.000000
138.338801 255.564009 280404303.274216 316124452.040258 -11304325750648162.000000 9604261345732464.000000
138.366785 255.595670 279273870.699151 317084878.174831 -11293325471968318.000000 9603687141331354.000000
138.394655 255.627426 278144538.151954 318045246.888964 -11282350482112198.000000 9603072209141336.000000
138.422413 255.659279 277016303.103743 319005554.109878 -11271400686477720.000000 9602416732774318.000000
138.450059 255.691227 275889163.035095 319965795.783156 -11260475990792750.000000 9601720894911674.000000
138.477591 255.723272 274763115.436016 320925967.872647 -11249576301114310.000000 9600984877312320.000000
138.505011 255.755413 273638157.805905 321886066.360378 -11238701523827804.000000 9600208860820588.000000
138.532319 255.787649 272514287.653522 322846087.246460 -11227851565646146.000000 9599393025374252.000000
138.559514 255.819982 271391502.496957 323806026.548997 -11217026333609066.000000 9598537550012238.000000
138.586597 255.852410 270269799.863596 324765880.303999 -11206225735082188.000000 9597642612882364.000000
138.613568 255.884935 269149177.290088 325725644.565287 -11195449677756250.000000 9596708391249064.000000
138.640427 255.917556 268029632.322313 326685315.404412 -11184698069646306.000000 9595735061500844.000000
138.667174 255.950272 266911162.515348 327644888.910562 -11173970819090830.000000 9594722799157854.000000
138.693810 255.983085 265793765.433439 328604361.190478 -11163267834750956.000000 9593671778879198.000000
