46.582779 67.563479 0.000006984499999999999789287910 0.000001923634609687593147029543 -0.000000453091334983782668895417 0.000001851455175109828307601699 0.000079595174939615785008120707
46.613058 67.593388 0.000006984499999999999789287910 0.000001924320220521812548856045 -0.000000453370290062239328170678 0.000001852294289018356863985287 0.000079551083108582920297435770
46.643938 67.623155 0.000006984499999999999789287910 0.000001924995086526648195156698 -0.000000453613896099720336442724 0.000001853094320274893987748259 0.000079506369310389135205384414
46.675417 67.652781 0.000006984499999999999789287910 0.000001925646058849173646504221 -0.000000453801684217656942397579 0.000001853823714067006220976622 0.000079460422422864416722686209
46.707497 67.682265 0.000006984499999999999789287910 0.000001926272561388956234488656 -0.000000453933302150104511191544 0.000001854482072197068110146895 0.000079413240246096325676040950
46.740178 67.711608 0.000006984499999999999789287910 0.000001926874013009159172918122 -0.000000454008414439397750114106 0.000001855069008406951317117855 0.000079364820672318589348838425
46.773460 67.740809 0.000006984499999999999789287910 0.000001927449828083605833616010 -0.000000454026703007807527217470 0.000001855584149136737229216399 0.000079315161693825980628209937
46.807343 67.769869 0.000006984499999999999789287910 0.000001927999416826961659590179 -0.000000453987867423556650599455 0.000001856027133789980996779749 0.000079264261405683386868363527
46.841827 67.798786 0.000006984499999999999789287910 0.000001928522185631460678269114 -0.000000453891625157809452842210 0.000001856397614994771322663968 0.000079212118008422098720811011
46.876912 67.827563 0.000006984499999999999789287910 0.000001929017537409936057448030 -0.000000453737711832312249295618 0.000001856695258860309235703252 0.000079158729810720635531109957
46.912599 67.856198 0.000006984499999999999789287910 0.000001929484871944939557576303 -0.000000453525881457387149882647 0.000001856919745228745385488747 0.000079104095232067898240194137
46.948887 67.884691 0.000006984499999999999789287910 0.000001929923586243683488524337 -0.000000453255906659963916412051 0.000001857070767921987655506549 0.000079048212805405722444426764
46.985778 67.913043 0.000006984499999999999789287910 0.000001930333074898579436549408 -0.000000452927578901366956394027 0.000001857148034983239807827328 0.000078991081179748459922124182
47.023270 67.941253 0.000006984499999999999789287910 0.000001930712730453086617291372 -0.000000452540708684566497541448 0.000001857151268912989944409055 0.000078932699122777379564623590
47.061365 67.969323 0.000006984499999999999789287910 0.000001931061943772610239199910 -0.000000452095125750608069336981 0.000001857080206899190439963940 0.000078873065523406851945811824
47.100062 67.997251 0.000006984499999999999789287910 0.000001931380104420177132784273 -0.000000451590679263959193760086 0.000001856934601041382224527205 0.000078812179394320067810607300
47.139361 68.025039 0.000006984499999999999789287910 0.000001931666601036565926132653 -0.000000451027237986493129026601 0.000001856714218568481989030984 0.000078750039874471823922452707
47.179263 68.052685 0.000006984499999999999789287910 0.000001931920821724636809784033 -0.000000450404690439873767665102 0.000001856418842050014626415886 0.000078686646231555747079550178
47.219767 68.080191 0.000006984499999999999789287910 0.000001932142154437512760411198 -0.000000449722945056079108716389 0.000001856048269600509269825275 0.000078621997864433300004516347
47.260873 68.107557 0.000006984499999999999789287910 0.000001932329987370321267497542 -0.000000448981930315838628566829 0.000001855602315076837640524785 0.000078556094305522536228383879
47.302583 68.134782 0.000006984499999999999789287910 0.000001932483709355155632246374 -0.000000448181594874753522179207 0.000001855080808268238478080537 0.000078488935223143717280665232
47.344895 68.161868 0.000006984499999999999789287910 0.000001932602710258940318949900 -0.000000447321907676892291649004 0.000001854483595078810153570364 0.000078420520423819488255862131
47.387810 68.188814 0.000006984499999999999789287910 0.000001932686381383845452012950 -0.000000446402858055654370772252 0.000001853810537702228790888671 0.000078350849854527199406586946
47.431327 68.215621 0.000006984499999999999789287910 0.000001932734115869914186551428 -0.000000445424455821713956068923 0.000001853061514788475267468651 0.000078279923604901056281152316
47.475448 68.242288 0.000006984499999999999789287910 0.000001932745309099542963562858 -0.000000444386731337859179321106 0.000001852236421602343877833774 0.000078207741909381455662833571
47.520171 68.268817 0.000006984499999999999789287910 0.000001932719359103461436930060 -0.000000443289735580578179101980 0.000001851335170173542924598352 0.000078134305149309650614583567
47.565497 68.295207 0.000006984499999999999789287910 0.000001932655666967847001057670 -0.000000442133540188218217783134 0.000001850357689438159808570849 0.000078059613854964939256078638
47.611425 68.321460 0.000006984499999999999789287910 0.000001932553637242196565963499 -0.000000440918237495597353583512 0.000001849303925371307023568616 0.000077983668707542385051603717
47.657957 68.347574 0.000006984499999999999789287910 0.000001932412678347593049723316 -0.000000439643940554937165794908 0.000001848173841110763555728599 0.000077906470541068981519594594
47.705091 68.373551 0.000006984499999999999789287910 0.000001932232202984975259047427 -0.000000438310783143003242527322 0.000001846967417071413905120840 0.000077828020344255808356422055
47.752828 68.399392 0.000006984499999999999789287910 0.000001932011628543037616459292 -0.000000436918919754371057020048 0.000001845684651050339251756086 0.000077748319262284254515561754
47.801168 68.425096 0.000006984499999999999789287910 0.000001931750377505372640019304 -0.000000435468525580716647356018 0.000001844325558322367854233756 0.000077667368598524112732750524
47.850110 68.450663 0.000006984499999999999789287910 0.000001931447877856456799559089 -0.000000433959796476090383206747 0.000001842890171725951485099315 0.000077585169816181797221125993
47.899654 68.476096 0.000006984499999999999789287910 0.000001931103563486106207896598 -0.000000432392948908108598070929 0.000001841378541739215013464085 0.000077501724539876448369368767
47.949801 68.501393 0.000006984499999999999789287910 0.000001930716874591997265283184 -0.000000430768219895032382062367 0.000001839790736546040856758837 0.000077417034557142040641572467
48.000550 68.526555 0.000006984499999999999789287910 0.000001930287258079860080828109 -0.000000429085866928724429643035 0.000001838126842092068022942674 0.000077331101819854097768544565
48.051901 68.551584 0.000006984499999999999789287910 0.000001929814167960958000360046 -0.000000427346167883475260213574 0.000001836386962130489699653404 0.000077243928445578535118068442
48.103855 68.576478 0.000006984499999999999789287910 0.000001929297065746447511943836 -0.000000425549420910710670022475 0.000001834571218257535464368031 0.000077155516718841748329861530
48.156410 68.601240 0.000006984499999999999789287910 0.000001928735420838237787742727 -0.000000423695944319628060997242 0.000001832679749937561247333370 0.000077065869092319712048248792
48.209566 68.625870 0.000006984499999999999789287910 0.000001928128710915947945092608 -0.000000421786076443789175068316 0.000001830712714517642226939582 0.000076974988187944747052363081
48.263324 68.650367 0.000006984499999999999789287910 0.000001927476422319576203280762 -0.000000419820175493753090247527 0.000001828670287231614870944473 0.000076882876797928600531156773
48.317684 68.674734 0.000006984499999999999789287910 0.000001926778050427497230104052 -0.000000417798619395815758789225 0.000001826552661193495702231563 0.000076789537885700402935346132
48.372644 68.698969 0.000006984499999999999789287910 0.000001926033100029393384369563 -0.000000415721805616970648640171 0.000001824360047380232319872199 0.000076694974586758037733355553
48.428205 68.723075 0.000006984499999999999789287910 0.000001925241085693748006873885 -0.000000413590150976189379274811 0.000001822092674603747500217902 0.000076599190209432016051942227
48.484367 68.747051 0.000006984499999999999789287910 0.000001924401532129519171518276 -0.000000411404091442165924000468 0.000001819750789472244614287423 0.000076502188235560257003296802
48.541129 68.770899 0.000006984499999999999789287910 0.000001923513974541628401842977 -0.000000409164081917671550707059 0.000001817334656340772243866138 0.000076403972321073285807642439
48.598492 68.794619 0.000006984499999999999789287910 0.000001922577958979890387934469 -0.000000406870596010675931607139 0.000001814844557251035290823581 0.000076304546296488399590926544
48.656454 68.818211 0.000006984499999999999789287910 0.000001921593042681026679318387 -0.000000404524125792429027785916 0.000001812280791860458932396208 0.000076203914167312245203991794
48.715015 68.841677 0.000006984499999999999789287910 0.000001920558794403413105714423 -0.000000402125181542689248776683 0.000001809643677360537397929164 0.000076102080114350765518635433
48.774176 68.865017 0.000006984499999999999789287910 0.000001919474794754218300826040 -0.000000399674291482324680233290 0.000001806933548384503142460828 0.000075999048493926229597486555
48.833935 68.888233 0.000006984499999999999789287910 0.000001918340636508575881261258 -0.000000397172001493495326288215 0.000001804150756904335051874978 0.000075894823838000099905203022
48.894293 68.911323 0.000006984499999999999789287910 0.000001917155924920490854437664 -0.000000394618874827684240765794 0.000001801295672117203511925984 0.000075789410854202061821639769
48.955249 68.934291 0.000006984499999999999789287910 0.000001915920278025132124930310 -0.000000392015491801819481036174 0.000001798368680321390669377894 0.000075682814425764077044707367
49.016803 68.957136 0.000006984499999999999789287910 0.000001914633326932218449379242 -0.000000389362449482766934778181 0.000001795370184781778000090427 0.000075575039611359474435448025
49.078954 68.979858 0.000006984499999999999789287910 0.000001913294716110180202601424 -0.000000386660361360483281402574 0.000001792300605584997745807854 0.000075466091644847010542693222
49.141703 69.002460 0.000006984499999999999789287910 0.000001911904103660827174913364 -0.000000383909857010129149557272 0.000001789160379484346263714422 0.000075355975934919506784015475
49.205047 69.024942 0.000006984499999999999789287910 0.000001910461161584221703968163 -0.000000381111581743456719937962 0.000001785949959734583802599558 0.000075244698064656995520338434
49.268988 69.047304 0.000006984499999999999789287910 0.000001908965576033501337156924 -0.000000378266196249804869110615 0.000001782669815916738866728997 0.000075132263790984930677818721
49.333525 69.069548 0.000006984499999999999789287910 0.000001907417047559391408976170 -0.000000375374376227037385272132 0.000001779320433753067515769979 0.000075018679044037069893711978
49.398656 69.091675 0.000006984499999999999789287910 0.000001905815291344163164356015 -0.000000372436812002783080281397 0.000001775902314912309267030933 0.000074903949926423570287309373
49.464382 69.113685 0.000006984499999999999789287910 0.000001904160037424807458503878 -0.000000369454208146336728172147 0.000001772415976805405618473314 0.000074788082712404812851976488
49.530703 69.135579 0.000006984499999999999789287910 0.000001902451030905199357774510 -0.000000366427283071601889094797 0.000001768861952371852716667418 0.000074671083846970996125876063
49.597617 69.157358 0.000006984499999999999789287910 0.000001900688032157064541460834 -0.000000363356768631459642249681 0.000001765240789856871975841714 0.000074552959944828542685965611
49.665124 69.179024 0.000006984499999999999789287910 0.000001898870817009532146378776 -0.000000360243409703954874670701 0.000001761553052579581607142321 0.000074433717789293521753177241
49.733223 69.200576 0.000006984499999999999789287910 0.000001896999176927124764689128 -0.000000357087963770715066124414 0.000001757799318692390345460078 0.000074313364331093321188750900
49.801915 69.222017 0.000006984499999999999789287910 0.000001895072919175999035949808 -0.000000353891200488003381378920 0.000001753980180931807767886620 0.000074191906687076826379736993
49.871198 69.243347 0.000006984499999999999789287910 0.000001893091866978301519885194 -0.000000350653901250838056645638 0.000001750096246360900114453444 0.000074069352138834705211872800
49.941071 69.264567 0.000006984499999999999789287910 0.000001891055859654510465589841 -0.000000347376858750603290733501 0.000001746148136103628992137440 0.000073945708131230151495538738
50.011535 69.285678 0.000006984499999999999789287910 0.000001888964752753625199037943 -0.000000344060876526578969037459 0.000001742136485071287473226772 0.000073820982270841645385417440
50.082588 69.306682 0.000006984499999999999789287910 0.000001886818418171131342856253 -0.000000340706768511847359306630 0.000001738061941681321155732712 0.000073695182324318950521299665
50.154231 69.327579 0.000006984499999999999789287910 0.000001884616744254619048583115 -0.000000337315358574007918962263 0.000001733925167568744250018334 0.000073568316216653174594193587
50.226461 69.348369 0.000006984499999999999789287910 0.000001882359635897014430865092 -0.000000333887480051161317526158 0.000001729726837290451176582114 0.000073440392029362777139012142
50.299278 69.369056 0.000006984499999999999789287910 0.000001880047014617338865021738 -0.000000330423975283606413544803 0.000001725467638022662538287567 0.000073311417998596676518646698
50.372683 69.389638 0.000006984499999999999789287910 0.000001877678818628978572044877 -0.000000326925695141724206822320 0.000001721148269251804893185758 0.000073181402513156014640050007
50.446673 69.410118 0.000006984499999999999789287910 0.000001875255002895426162791512 -0.000000323393498550495152325443 0.000001716769442459100672429746 0.000073050354112436354783385872
50.521249 69.430497 0.000006984499999999999789287910 0.000001872775539173480165326745 -0.000000319828252011116445035317 0.000001712331880799140140857022 0.000072918281484291640691906833
50.596409 69.450776 0.000006984499999999999789287910 0.000001870240416043923075965663 -0.000000316230829120185990900084 0.000001707836318772758966825793 0.000072785193462822004011741894
50.672153 69.470955 0.000006984499999999999789287910 0.000001867649638929680475113058 -0.000000312602110086908238218274 0.000001703283501894487793167023 0.000072651099026087114147488821
50.748480 69.491036 0.000006984499999999999789287910 0.000001865003230101510124053655 -0.000000308942981248793243288146 0.000001698674186354901822761055 0.000072516007293746791704559806
50.825388 69.511020 0.000006984499999999999789287910 0.000001862301228671269323570862 -0.000000305254334586304991685959 0.000001694009138678166880270359 0.000072379927524631094580206958
50.902879 69.530909 0.000006984499999999999789287910 0.000001859543690572822367799185 -0.000000301537067236920184612958 0.000001689289135375089634746480 0.000072242869114241828267138079
50.980949 69.550702 0.000006984499999999999789287910 0.000001856730688530666020341457 -0.000000297792081009051076454321 0.000001684514962591985173543459 0.000072104841592187133778035779
51.059599 69.570403 0.000006984499999999999789287910 0.000001853862312016388632648174 -0.000000294020281896295055297519 0.000001679687415755693752694787 0.000071965854619551999221682692
51.138828 69.590011 0.000006984499999999999789287910 0.000001850938667193042949272465 -0.000000290222579592452799971173 0.000001674807299215043397043684 0.000071825917986206158703625657
51.218634 69.609528 0.000006984499999999999789287910 0.000001847959876847581466041172 -0.000000286399887007759811780874 0.000001669875425879091234074975 0.000071685041608052170371973011
51.299017 69.628955 0.000006984499999999999789287910 0.000001844926080311475678611723 -0.000000282553119786778660217196 0.000001664892616852456963639031 0.000071543235524215381226746657
51.379977 69.648293 0.000006984499999999999789287910 0.000001841837433369682275257164 -0.000000278683195828379058999586 0.000001659859701068083676856672 0.000071400509894178516303274440
51.461511 69.667544 0.000006984499999999999789287910 0.000001838694108158113186732817 -0.000000274791034808237229863611 0.000001654777514917732650131924 0.000071256874994863169054185037
51.543619 69.686708 0.000006984499999999999789287910 0.000001835496293049782711462271 -0.000000270877557704272035455468 0.000001649646901880535469100248 0.000071112341217660239361605945
51.626300 69.705788 0.000006984499999999999789287910 0.000001832244192529838392081857 -0.000000266943686325435786214086 0.000001644468712149943566240562 0.000070966919065412124552685857
51.709553 69.724783 0.000006984499999999999789287910 0.000001828938027059656061361348 -0.000000262990342844262273649014 0.000001639243802259369516100235 0.000070820619149348980900585127
51.793377 69.743696 0.000006984499999999999789287910 0.000001825578032930225427056059 -0.000000259018449333563359235724 0.000001633973034706858689553703 0.000070673452185981400198132307
51.877771 69.762527 0.000006984499999999999789287910 0.000001822164462105048118322512 -0.000000255028927307674447875021 0.000001628657277579095351922791 0.000070525428993952062831779282
51.962733 69.781279 0.000006984499999999999789287910 0.000001818697582052776469076954 -0.000000251022697268603964479709 0.000001623297404175064653962198 0.000070376560490848942336014615
52.048264 69.799951 0.000006984499999999999789287910 0.000001815177675569847148180917 -0.000000247000678257483880382521 0.000001617894292629680953285345 0.000070226857689982487330596084
52.134361 69.818546 0.000006984499999999999789287910 0.000001811605040593360781722666 -0.000000242963787411646232579712 0.000001612448825537688456882753 0.000070076331697129369373289176
52.221024 69.837064 0.000006984499999999999789287910 0.000001807979990004466547718156 -0.000000238912939527697695032407 0.000001606961889578142292967530 0.000069924993707245236182999670
52.308251 69.855507 0.000006984499999999999789287910 0.000001804302851422537405092980 -0.000000234849046630909839380899 0.000001601434375139771132360721 0.000069772855001149221396312960
52.396041 69.873877 0.000006984499999999999789287910 0.000001800573966990394937268908 -0.000000230773017551252780943394 0.000001595867175947506809519723 0.000069619926942182555444638137
52.484394 69.892173 0.000006984499999999999789287910 0.000001796793693150901447710250 -0.000000226685757506386988618203 0.000001590261188690497733532066 0.000069466220972843933847279407
52.573308 69.910399 0.000006984499999999999789287910 0.000001792962400415186334566662 -0.000000222588167691902202803534 0.000001584617312651860198958716 0.000069311748611404190795540203
52.662781 69.928554 0.000006984499999999999789287910 0.000001789080473122830099240010 -0.000000218481144879098017042268 0.000001578936449340479728167970 0.000069156521448502663272639435
52.752813 69.946640 0.000006984499999999999789287910 0.000001785148309194302026890354 -0.000000214365581020571562341590 0.000001573219502125115284494705 0.000069000551143728091740142672
52.843403 69.964659 0.000006984499999999999789287910 0.000001781166319875975528983381 -0.000000210242362863879638941434 0.000001567467375871096041492925 0.000068843849422186334215470471
52.934549 69.982612 0.000006984499999999999789287910 0.000001777134929478023326883222 -0.000000206112371573510347174611 0.000001561680976579848301023334 0.000068686428071057278985263317
53.026249 70.000500 0.000006984499999999999789287910 0.000001773054575105539971757252 -0.000000201976482361410280489799 0.000001555861211031540339619740 0.000068528298936143801985305946
53.118503 70.018324 0.000006984499999999999789287910 0.000001768925706383195362104478 -0.000000197835564126271839094156 0.000001550008986431071129172992 0.000068369473918415045671573282
53.211310 70.036086 0.000006984499999999999789287910 0.000001764748785173765060108227 -0.000000193690479101803433880681 0.000001544125210057657465333083 0.000068209964970546228444324421
53.304667 70.053787 0.000006984499999999999789287910 0.000001760524285290863302739584 -0.000000189542082514156222394514 0.000001538210788918252014173451 0.000068049784093457898418583207
53.398575 70.071428 0.000006984499999999999789287910 0.000001756252692206214979691648 -0.000000185391222248698806284253 0.000001532266629405022670079128 0.000067888943332856434027117176
53.493031 70.089010 0.000006984499999999999789287910 0.000001751934502751812167587082 -0.000000181238738526295956058818 0.000001526293636957113029908547 0.000067727454775778732354307721
53.588033 70.106536 0.000006984499999999999789287910 0.000001747570224817271587264755 -0.000000177085463589247005453922 0.000001520292715726891506501086 0.000067565330547142833476914614
53.683582 70.124005 0.000006984499999999999789287910 0.000001743160377042763137543429 -0.000000172932221397014887877622 0.000001514264768250907827788982 0.000067402582806307204869693261
53.779675 70.141420 0.000006984499999999999789287910 0.000001738705488507821213587084 -0.000000168779827331873399272615 0.000001508210695125737551289605 0.000067239223743640718754938090
53.876311 70.158782 0.000006984499999999999789287910 0.000001734206098416394140193241 -0.000000164629087914578990030183 0.000001502131394688916187819556 0.000067075265577105490800297050
53.973488 70.176091 0.000006984499999999999789287910 0.000001729662755778456557139572 -0.000000160480800530159730184372 0.000001496027762705131493987075 0.000066910720548854938304582374
54.071206 70.193350 0.000006984499999999999789287910 0.000001725076019088536487020133 -0.000000156335753163910703983233 0.000001489900692057857104337614 0.000066745600921848860357689370
54.169463 70.210560 0.000006984499999999999789287910 0.000001720446456001477899299995 -0.000000152194724147653114440179 0.000001483751072446580816116025 0.000066579918976487925219402697
54.268256 70.227721 0.000006984499999999999789287910 0.000001715774643005779066074834 -0.000000148058481916325178138593 0.000001477579790089790156971234 0.000066413687007269475823419136
54.367586 70.244836 0.000006984499999999999789287910 0.000001711061165094833876011357 -0.000000143927784774934879959325 0.000001471387727433854784281461 0.000066246917319466442340171464
54.467450 70.261905 0.000006984499999999999789287910 0.000001706306615436400096570886 -0.000000139803380675911963059853 0.000001465175762867944841261582 0.000066079622225831584412907016
54.567847 70.278930 0.000006984499999999999789287910 0.000001701511595040622809783164 -0.000000135686007006872706632291 0.000001458944770445116771717675 0.000065911814043328689370279672
54.668775 70.295911 0.000006984499999999999789287910 0.000001696676712426926212002633 -0.000000131576390388801197209366 0.000001452695619609681366413124 0.000065743505089892759294528668
54.770234 70.312852 0.000006984499999999999789287910 0.000001691802583290098191265969 -0.000000127475246484643599507471 0.000001446429174930973260933590 0.000065574707681220623513122792
54.872220 70.329751 0.000006984499999999999789287910 0.000001686889830165856732244146 -0.000000123383279818288851148065 0.000001440146295843610823510326 0.000065405434127594144918214913
54.974734 70.346612 0.000006984499999999999789287910 0.000001681939082096231244495515 -0.000000119301183603912064334907 0.000001433847836394357605876147 0.000065235696730737226288823760
55.077773 70.363435 0.000006984499999999999789287910 0.000001676950974295032193903641 -0.000000115229639585632777125585 0.000001427534644995651849240428 0.000065065507780708378444273210
55.181336 70.380221 0.000006984499999999999789287910 0.000001671926147813721804215661 -0.000000111169317887438291111719 0.000001421207564185902301205004 0.000064894879552830517189729309
55.285421 70.396972 0.000006984499999999999789287910 0.000001666865249207956667466053 -0.000000107120876873307615124694 0.000001414867430396596718674839 0.000064723824304659317201496305
55.390027 70.413689 0.000006984499999999999789287910 0.000001661768930205099783608538 -0.000000103084963017459040847867 0.000001408515073726300772036365 0.000064552354272991505209841612
55.495151 70.430373 0.000006984499999999999789287910 0.000001656637847372962491987393 -0.000000099062210784641623359081 0.000001402151317721586525877320 0.000064380481670914407074483854
55.600794 70.447026 0.000006984499999999999789287910 0.000001651472661790056662553723 -0.000000095053242520375487155143 0.000001395776979164949365037895 0.000064208218684898456371165643
55.706952 70.463648 0.000006984499999999999789287910 0.000001646274038717604056930805 -0.000000091058668351036772605780 0.000001389392867869730730168631 0.000064035577471933355668196053
55.813624 70.480241 0.000006984499999999999789287910 0.000001641042647273568615915720 -0.000000087079086093674779213295 0.000001382999786482086896860044 0.000063862570156709205088096937
55.920809 70.496807 0.000006984499999999999789287910 0.000001635779160108951171983096 -0.000000083115081175448756175086 0.000001376598530290027938782988 0.000063689208828844183800030332
56.028506 70.513346 0.000006984499999999999789287910 0.000001630484253086587567664460 -0.000000079167226562543203384167 0.000001370189887039523698466191 0.000063515505540158974178387152
56.136711 70.529859 0.000006984499999999999789287910 0.000001625158604962675702325413 -0.000000075236082698440557156247 0.000001363774636757697306259948 0.000063341472301999812428811854
56.245424 70.546349 0.000006984499999999999789287910 0.000001619802897071260841511085 -0.000000071322197451394665467244 0.000001357353551583098624189433 0.000063167121082610531599896286
56.354643 70.562816 0.000006984499999999999789287910 0.000001614417813011892217646111 -0.000000067426106070965504023164 0.000001350927395603050414917587 0.000062992463804554599867552289
56.464367 70.579261 0.000006984499999999999789287910 0.000001609004038340651245381154 -0.000000063548331153450597012355 0.000001344496924698045848235663 0.000062817512342188021453801006
56.574593 70.595685 0.000006984499999999999789287910 0.000001603562260264755910042734 -0.000000059689382616055806170165 0.000001338062886393186545411346 0.000062642278519183967541716918
56.685320 70.612091 0.000006984499999999999789287910 0.000001598093167340931699841266 -0.000000055849757679636505083051 0.000001331626019716620927329457 0.000062466774106109462447178338
56.796547 70.628478 0.000006984499999999999789287910 0.000001592597449177723782382660 -0.000000052029940859830203022003 0.000001325187055064955549612692 0.000062291010818055236354651161
56.908271 70.644849 0.000006984499999999999789287910 0.000001587075796141930631743037 -0.000000048230403966409305891729 0.000001318746714075593261426768 0.000062115000312319015667548994
57.020491 70.661204 0.000006984499999999999789287910 0.000001581528899069316865992965 -0.000000044451606110661102541843 0.000001312305709505955201047908 0.000061938754186142684654038659
57.133205 70.677544 0.000006984499999999999789287910 0.000001575957448979771948903601 -0.000000040693993720620487652929 0.000001305864745119535806215823 0.000061762283974504321275300622
57.246411 70.693872 0.000006984499999999999789287910 0.000001570362136797048163523922 -0.000000036958000563949062795713 0.000001299424515578719688504625 0.000061585601147964768383065437
57.360109 70.710187 0.000006984499999999999789287910 0.000001564743653073228205977190 -0.000000033244047778276809513773 0.000001292985706344319078855499 0.000061408717110569675410799984
57.474295 70.726491 0.000006984499999999999789287910 0.000001559102687718049242660500 -0.000000029552543908800505423622 0.000001286548993581743964602837 0.000061231643197807186741396523
57.588968 70.742785 0.000006984499999999999789287910 0.000001553439929733207309415946 -0.000000025883884952947983281661 0.000001280115044073742025797528 0.000061054390674621263198837418
57.704126 70.759071 0.000006984499999999999789287910 0.000001547756066951751955198310 -0.000000022238454411890227913214 0.000001273684515139626843906206 0.000060876970733481232975030373
57.819769 70.775349 0.000006984499999999999789287910 0.000001542051785782684632654209 -0.000000018616623348710728590508 0.000001267258054560918149921214 0.000060699394492507463571596971
57.935893 70.791621 0.000006984499999999999789287910 0.000001536327770960852526929241 -0.000000015018750453014399392148 0.000001260836300513298820674723 0.000060521672993653283505622459
58.052497 70.807888 0.000006984499999999999789287910 0.000001530584705302228666986717 -0.000000011445182111774156065301 0.000001254419881504807096435816 0.000060343817200943235094529743
58.169579 70.824150 0.000006